#time MDC0  MDC1   DC2    DC3    0-2    1-3    1-2    2-3
1    0.000  0.000  0.000  0.000  0.000  0.000  0.000  0.000  # 0 jobs, 0.000 load
2    0.010  0.000  0.001  0.000  0.003  0.000  0.003  0.000  # 2 jobs, 0.020 load
3    0.020  0.000  0.001  0.001  0.010  0.000  0.003  0.001  # 4 jobs, 0.040 load
4    0.040  0.000  0.002  0.005  0.030  0.000  0.007  0.003  # 11 jobs, 0.110 load
5    0.050  0.010  0.003  0.008  0.043  0.000  0.013  0.004  # 17 jobs, 0.170 load
6    0.060  0.010  0.002  0.011  0.053  0.000  0.010  0.005  # 20 jobs, 0.200 load
7    0.050  0.010  0.004  0.012  0.057  0.000  0.017  0.006  # 22 jobs, 0.220 load
8    0.070  0.010  0.003  0.015  0.073  0.000  0.013  0.007  # 26 jobs, 0.260 load
9    0.110  0.010  0.003  0.017  0.100  0.000  0.013  0.010  # 32 jobs, 0.320 load
10   0.100  0.010  0.006  0.020  0.100  0.000  0.023  0.010  # 37 jobs, 0.370 load
11   0.140  0.010  0.012  0.029  0.137  0.000  0.043  0.014  # 56 jobs, 0.560 load
12   0.190  0.030  0.015  0.029  0.170  0.000  0.060  0.017  # 66 jobs, 0.660 load
13   0.170  0.050  0.017  0.032  0.163  0.000  0.073  0.016  # 71 jobs, 0.710 load
14   0.220  0.060  0.022  0.044  0.220  0.000  0.083  0.022  # 94 jobs, 0.940 load
15   0.290  0.100  0.027  0.039  0.203  0.000  0.113  0.020  # 105 jobs, 1.050 load
16   0.230  0.100  0.031  0.052  0.267  0.000  0.133  0.027  # 116 jobs, 1.160 load
17   0.280  0.100  0.015  0.037  0.210  0.000  0.083  0.021  # 90 jobs, 0.900 load
18   0.180  0.110  0.017  0.045  0.247  0.000  0.107  0.025  # 91 jobs, 0.910 load
19   0.200  0.070  0.016  0.045  0.207  0.000  0.077  0.021  # 88 jobs, 0.880 load
20   0.170  0.080  0.020  0.045  0.207  0.000  0.097  0.021  # 90 jobs, 0.900 load
21   0.260  0.070  0.011  0.052  0.273  0.000  0.060  0.027  # 96 jobs, 0.960 load
22   0.340  0.100  0.012  0.049  0.283  0.000  0.073  0.028  # 105 jobs, 1.050 load
23   0.440  0.100  0.007  0.044  0.293  0.000  0.057  0.029  # 105 jobs, 1.050 load
24   0.520  0.160  0.009  0.042  0.280  0.000  0.087  0.028  # 119 jobs, 1.190 load
25   0.440  0.110  0.015  0.049  0.307  0.000  0.093  0.031  # 119 jobs, 1.190 load
26   0.460  0.170  0.019  0.055  0.330  0.000  0.120  0.033  # 137 jobs, 1.370 load
27   0.420  0.170  0.023  0.065  0.370  0.000  0.143  0.037  # 147 jobs, 1.470 load
28   0.290  0.150  0.029  0.067  0.303  0.000  0.140  0.030  # 140 jobs, 1.400 load
29   0.350  0.140  0.031  0.070  0.350  0.000  0.150  0.035  # 150 jobs, 1.500 load
30   0.360  0.130  0.036  0.070  0.353  0.000  0.163  0.035  # 155 jobs, 1.550 load
31   0.310  0.120  0.043  0.082  0.387  0.000  0.190  0.039  # 168 jobs, 1.680 load
32   0.370  0.130  0.044  0.073  0.330  0.000  0.183  0.033  # 167 jobs, 1.670 load
33   0.470  0.080  0.036  0.075  0.360  0.000  0.150  0.036  # 166 jobs, 1.660 load
34   0.390  0.050  0.042  0.072  0.353  0.000  0.157  0.035  # 158 jobs, 1.580 load
35   0.380  0.080  0.047  0.074  0.367  0.000  0.183  0.037  # 167 jobs, 1.670 load
36   0.390  0.140  0.049  0.078  0.387  0.000  0.210  0.039  # 180 jobs, 1.800 load
37   0.350  0.140  0.037  0.087  0.407  0.000  0.170  0.041  # 173 jobs, 1.730 load
38   0.360  0.150  0.031  0.103  0.510  0.000  0.153  0.051  # 185 jobs, 1.850 load
39   0.420  0.160  0.045  0.074  0.380  0.000  0.220  0.038  # 177 jobs, 1.770 load
40   0.420  0.160  0.033  0.077  0.393  0.000  0.163  0.039  # 168 jobs, 1.680 load
41   0.500  0.190  0.036  0.093  0.473  0.000  0.187  0.047  # 198 jobs, 1.980 load
42   0.520  0.170  0.032  0.077  0.420  0.000  0.163  0.042  # 178 jobs, 1.780 load
43   0.570  0.200  0.038  0.077  0.443  0.000  0.217  0.044  # 192 jobs, 1.920 load
44   0.560  0.120  0.046  0.086  0.467  0.000  0.177  0.047  # 200 jobs, 2.000 load
45   0.400  0.130  0.046  0.098  0.407  0.000  0.203  0.041  # 197 jobs, 1.970 load
46   0.480  0.130  0.039  0.091  0.480  0.000  0.170  0.048  # 191 jobs, 1.910 load
47   0.330  0.170  0.044  0.115  0.447  0.000  0.203  0.045  # 209 jobs, 2.090 load
48   0.430  0.260  0.053  0.097  0.490  0.000  0.260  0.049  # 219 jobs, 2.190 load
49   0.550  0.310  0.061  0.101  0.603  0.000  0.303  0.060  # 248 jobs, 2.480 load
50   0.460  0.240  0.054  0.101  0.537  0.000  0.243  0.054  # 225 jobs, 2.250 load
51   0.510  0.250  0.066  0.091  0.497  0.000  0.293  0.050  # 233 jobs, 2.330 load
52   0.550  0.200  0.046  0.103  0.517  0.000  0.213  0.052  # 224 jobs, 2.240 load
53   0.490  0.190  0.055  0.123  0.593  0.000  0.270  0.059  # 246 jobs, 2.460 load
54   0.550  0.180  0.048  0.114  0.577  0.000  0.233  0.058  # 235 jobs, 2.350 load
55   0.640  0.230  0.044  0.087  0.490  0.000  0.220  0.049  # 218 jobs, 2.180 load
56   0.580  0.280  0.058  0.115  0.527  0.000  0.290  0.053  # 259 jobs, 2.590 load
57   0.570  0.240  0.043  0.112  0.597  0.000  0.223  0.060  # 236 jobs, 2.360 load
58   0.670  0.250  0.051  0.133  0.727  0.000  0.277  0.073  # 276 jobs, 2.760 load
59   0.780  0.240  0.050  0.094  0.583  0.000  0.263  0.058  # 246 jobs, 2.460 load
60   0.800  0.210  0.045  0.102  0.657  0.000  0.200  0.066  # 248 jobs, 2.480 load
61   0.610  0.280  0.043  0.125  0.647  0.000  0.243  0.065  # 257 jobs, 2.570 load
62   0.750  0.290  0.039  0.111  0.597  0.000  0.223  0.060  # 254 jobs, 2.540 load
63   0.680  0.330  0.040  0.092  0.517  0.000  0.257  0.052  # 233 jobs, 2.330 load
64   0.580  0.260  0.046  0.100  0.533  0.000  0.260  0.053  # 230 jobs, 2.300 load
65   0.550  0.280  0.048  0.104  0.523  0.000  0.257  0.052  # 235 jobs, 2.350 load
66   0.460  0.240  0.067  0.106  0.503  0.000  0.320  0.050  # 243 jobs, 2.430 load
67   0.400  0.260  0.078  0.105  0.473  0.000  0.380  0.047  # 249 jobs, 2.490 load
68   0.510  0.290  0.068  0.105  0.523  0.000  0.327  0.052  # 253 jobs, 2.530 load
69   0.680  0.360  0.064  0.131  0.667  0.000  0.330  0.067  # 299 jobs, 2.990 load
70   0.760  0.310  0.073  0.127  0.650  0.000  0.347  0.065  # 307 jobs, 3.070 load
71   0.620  0.290  0.069  0.107  0.573  0.000  0.320  0.057  # 267 jobs, 2.670 load
72   0.530  0.270  0.066  0.118  0.640  0.000  0.307  0.064  # 264 jobs, 2.640 load
73   0.590  0.280  0.061  0.106  0.560  0.000  0.283  0.056  # 254 jobs, 2.540 load
74   0.680  0.280  0.061  0.093  0.517  0.000  0.280  0.052  # 250 jobs, 2.500 load
75   0.400  0.300  0.049  0.077  0.390  0.000  0.263  0.039  # 196 jobs, 1.960 load
76   0.500  0.360  0.058  0.086  0.437  0.000  0.310  0.044  # 230 jobs, 2.300 load
77   0.370  0.310  0.065  0.102  0.420  0.000  0.320  0.042  # 235 jobs, 2.350 load
78   0.330  0.340  0.066  0.098  0.430  0.000  0.333  0.043  # 231 jobs, 2.310 load
79   0.300  0.360  0.079  0.092  0.400  0.000  0.367  0.040  # 237 jobs, 2.370 load
80   0.410  0.360  0.095  0.097  0.497  0.000  0.440  0.050  # 269 jobs, 2.690 load
81   0.290  0.370  0.083  0.107  0.413  0.000  0.403  0.041  # 256 jobs, 2.560 load
82   0.370  0.280  0.076  0.080  0.387  0.000  0.360  0.039  # 221 jobs, 2.210 load
83   0.520  0.260  0.064  0.077  0.417  0.000  0.300  0.042  # 219 jobs, 2.190 load
84   0.530  0.330  0.070  0.098  0.510  0.000  0.340  0.051  # 254 jobs, 2.540 load
85   0.550  0.330  0.068  0.078  0.437  0.000  0.333  0.044  # 234 jobs, 2.340 load
86   0.620  0.390  0.064  0.097  0.523  0.000  0.340  0.052  # 262 jobs, 2.620 load
87   0.530  0.490  0.069  0.080  0.470  0.000  0.387  0.047  # 251 jobs, 2.510 load
88   0.480  0.430  0.056  0.084  0.430  0.000  0.310  0.043  # 231 jobs, 2.310 load
89   0.490  0.380  0.053  0.070  0.383  0.000  0.290  0.038  # 210 jobs, 2.100 load
90   0.470  0.330  0.068  0.071  0.360  0.000  0.370  0.036  # 219 jobs, 2.190 load
91   0.370  0.330  0.054  0.060  0.317  0.000  0.290  0.032  # 184 jobs, 1.840 load
92   0.350  0.310  0.052  0.057  0.287  0.000  0.287  0.029  # 175 jobs, 1.750 load
93   0.310  0.390  0.056  0.065  0.290  0.000  0.303  0.029  # 191 jobs, 1.910 load
94   0.310  0.430  0.053  0.067  0.357  0.000  0.320  0.036  # 194 jobs, 1.940 load
95   0.330  0.330  0.057  0.080  0.417  0.000  0.293  0.042  # 203 jobs, 2.030 load
96   0.400  0.380  0.067  0.071  0.363  0.000  0.347  0.036  # 216 jobs, 2.160 load
97   0.320  0.410  0.084  0.067  0.327  0.000  0.413  0.033  # 224 jobs, 2.240 load
98   0.300  0.210  0.070  0.060  0.297  0.000  0.303  0.030  # 181 jobs, 1.810 load
99   0.440  0.190  0.068  0.056  0.317  0.000  0.297  0.032  # 187 jobs, 1.870 load
100  0.460  0.170  0.050  0.046  0.290  0.000  0.217  0.029  # 159 jobs, 1.590 load
101  0.430  0.160  0.054  0.055  0.333  0.000  0.233  0.033  # 168 jobs, 1.680 load
102  0.420  0.250  0.059  0.043  0.283  0.000  0.277  0.028  # 169 jobs, 1.690 load
103  0.380  0.350  0.064  0.041  0.250  0.000  0.323  0.025  # 178 jobs, 1.780 load
104  0.290  0.400  0.063  0.041  0.257  0.000  0.387  0.026  # 173 jobs, 1.730 load
105  0.240  0.370  0.063  0.047  0.213  0.000  0.317  0.021  # 171 jobs, 1.710 load
106  0.190  0.290  0.054  0.036  0.197  0.000  0.277  0.020  # 138 jobs, 1.380 load
107  0.260  0.390  0.053  0.040  0.263  0.000  0.310  0.026  # 158 jobs, 1.580 load
108  0.160  0.320  0.055  0.040  0.177  0.000  0.283  0.018  # 143 jobs, 1.430 load
109  0.180  0.330  0.051  0.035  0.173  0.000  0.263  0.017  # 137 jobs, 1.370 load
110  0.190  0.200  0.058  0.036  0.180  0.000  0.243  0.018  # 133 jobs, 1.330 load
111  0.230  0.270  0.058  0.031  0.170  0.000  0.277  0.017  # 139 jobs, 1.390 load
112  0.240  0.250  0.060  0.033  0.180  0.000  0.283  0.018  # 142 jobs, 1.420 load
113  0.110  0.320  0.067  0.027  0.123  0.000  0.340  0.012  # 137 jobs, 1.370 load
114  0.100  0.380  0.054  0.021  0.100  0.000  0.290  0.010  # 123 jobs, 1.230 load
115  0.090  0.350  0.061  0.025  0.113  0.000  0.340  0.011  # 130 jobs, 1.300 load
116  0.080  0.400  0.051  0.015  0.077  0.000  0.283  0.008  # 114 jobs, 1.140 load
117  0.060  0.330  0.050  0.015  0.077  0.000  0.260  0.008  # 104 jobs, 1.040 load
118  0.050  0.300  0.049  0.017  0.083  0.000  0.257  0.008  # 101 jobs, 1.010 load
119  0.050  0.370  0.055  0.006  0.030  0.000  0.320  0.003  # 103 jobs, 1.030 load
120  0.010  0.300  0.056  0.003  0.013  0.000  0.283  0.001  # 90 jobs, 0.900 load
121  0.010  0.230  0.056  0.002  0.010  0.000  0.257  0.001  # 82 jobs, 0.820 load
122  0.010  0.230  0.054  0.001  0.007  0.000  0.257  0.001  # 79 jobs, 0.790 load
123  0.030  0.270  0.057  0.001  0.013  0.000  0.267  0.001  # 88 jobs, 0.880 load
124  0.030  0.260  0.052  0.004  0.023  0.000  0.263  0.002  # 85 jobs, 0.850 load
125  0.020  0.310  0.055  0.009  0.037  0.000  0.287  0.004  # 97 jobs, 0.970 load
126  0.010  0.260  0.044  0.012  0.043  0.000  0.233  0.004  # 83 jobs, 0.830 load
127  0.030  0.330  0.042  0.014  0.057  0.000  0.243  0.006  # 92 jobs, 0.920 load
128  0.070  0.320  0.042  0.012  0.063  0.000  0.247  0.006  # 93 jobs, 0.930 load
129  0.080  0.300  0.050  0.017  0.083  0.000  0.250  0.008  # 105 jobs, 1.050 load
130  0.120  0.290  0.045  0.016  0.090  0.000  0.237  0.009  # 102 jobs, 1.020 load
131  0.090  0.290  0.050  0.018  0.087  0.000  0.267  0.009  # 106 jobs, 1.060 load
132  0.120  0.260  0.046  0.023  0.113  0.000  0.237  0.011  # 107 jobs, 1.070 load
133  0.160  0.270  0.040  0.028  0.143  0.000  0.240  0.014  # 111 jobs, 1.110 load
134  0.130  0.260  0.046  0.034  0.157  0.000  0.237  0.016  # 119 jobs, 1.190 load
135  0.150  0.300  0.049  0.037  0.190  0.000  0.257  0.019  # 131 jobs, 1.310 load
136  0.180  0.300  0.060  0.050  0.220  0.000  0.310  0.022  # 158 jobs, 1.580 load
137  0.180  0.340  0.052  0.055  0.243  0.000  0.277  0.024  # 159 jobs, 1.590 load
138  0.190  0.380  0.053  0.050  0.230  0.000  0.347  0.023  # 160 jobs, 1.600 load
139  0.290  0.240  0.068  0.048  0.247  0.000  0.307  0.025  # 169 jobs, 1.690 load
140  0.220  0.190  0.068  0.049  0.200  0.000  0.267  0.020  # 158 jobs, 1.580 load
141  0.290  0.210  0.071  0.044  0.237  0.000  0.270  0.024  # 165 jobs, 1.650 load
142  0.310  0.140  0.084  0.045  0.243  0.000  0.323  0.024  # 174 jobs, 1.740 load
143  0.410  0.180  0.034  0.054  0.307  0.000  0.187  0.031  # 147 jobs, 1.470 load
144  0.460  0.180  0.030  0.046  0.320  0.000  0.160  0.032  # 140 jobs, 1.400 load
145  0.350  0.160  0.028  0.063  0.327  0.000  0.147  0.033  # 142 jobs, 1.420 load
146  0.380  0.140  0.028  0.067  0.340  0.000  0.140  0.034  # 147 jobs, 1.470 load
147  0.460  0.180  0.033  0.069  0.347  0.000  0.170  0.035  # 166 jobs, 1.660 load
148  0.390  0.180  0.029  0.069  0.380  0.000  0.153  0.038  # 155 jobs, 1.550 load
149  0.300  0.160  0.032  0.073  0.320  0.000  0.163  0.032  # 151 jobs, 1.510 load
150  0.380  0.210  0.024  0.057  0.297  0.000  0.150  0.030  # 140 jobs, 1.400 load
151  0.320  0.230  0.024  0.065  0.320  0.000  0.133  0.032  # 144 jobs, 1.440 load
152  0.390  0.190  0.024  0.066  0.360  0.000  0.140  0.036  # 148 jobs, 1.480 load
153  0.400  0.220  0.025  0.086  0.427  0.000  0.173  0.043  # 173 jobs, 1.730 load
154  0.530  0.170  0.032  0.080  0.427  0.000  0.150  0.043  # 182 jobs, 1.820 load
155  0.500  0.180  0.029  0.083  0.437  0.000  0.157  0.044  # 180 jobs, 1.800 load
156  0.470  0.210  0.029  0.089  0.473  0.000  0.167  0.047  # 186 jobs, 1.860 load
157  0.570  0.190  0.029  0.098  0.583  0.000  0.160  0.058  # 203 jobs, 2.030 load
158  0.480  0.230  0.033  0.093  0.460  0.000  0.190  0.046  # 197 jobs, 1.970 load
159  0.490  0.200  0.030  0.089  0.440  0.000  0.163  0.044  # 188 jobs, 1.880 load
160  0.660  0.120  0.030  0.092  0.563  0.000  0.140  0.056  # 200 jobs, 2.000 load
161  0.510  0.130  0.029  0.092  0.480  0.000  0.150  0.048  # 185 jobs, 1.850 load
162  0.570  0.030  0.030  0.097  0.500  0.000  0.097  0.050  # 187 jobs, 1.870 load
163  0.570  0.060  0.025  0.115  0.610  0.000  0.103  0.061  # 203 jobs, 2.030 load
164  0.560  0.050  0.022  0.090  0.507  0.000  0.090  0.051  # 173 jobs, 1.730 load
165  0.570  0.080  0.017  0.103  0.527  0.000  0.083  0.053  # 185 jobs, 1.850 load
166  0.510  0.030  0.017  0.113  0.500  0.000  0.083  0.050  # 184 jobs, 1.840 load
167  0.560  0.040  0.019  0.094  0.477  0.000  0.093  0.048  # 173 jobs, 1.730 load
168  0.660  0.040  0.009  0.086  0.543  0.000  0.043  0.054  # 165 jobs, 1.650 load
169  0.460  0.030  0.011  0.089  0.450  0.000  0.057  0.045  # 149 jobs, 1.490 load
170  0.460  0.040  0.010  0.088  0.440  0.000  0.047  0.044  # 148 jobs, 1.480 load
171  0.400  0.050  0.011  0.082  0.413  0.000  0.053  0.041  # 138 jobs, 1.380 load
172  0.490  0.050  0.007  0.093  0.477  0.000  0.043  0.048  # 154 jobs, 1.540 load
173  0.610  0.070  0.006  0.110  0.587  0.000  0.043  0.059  # 184 jobs, 1.840 load
174  0.770  0.080  0.008  0.081  0.483  0.000  0.053  0.048  # 174 jobs, 1.740 load
175  0.820  0.080  0.010  0.094  0.623  0.000  0.053  0.062  # 194 jobs, 1.940 load
176  0.570  0.080  0.011  0.115  0.587  0.000  0.057  0.059  # 191 jobs, 1.910 load
177  0.400  0.030  0.012  0.107  0.540  0.000  0.037  0.054  # 162 jobs, 1.620 load
178  0.360  0.010  0.008  0.135  0.670  0.000  0.020  0.067  # 180 jobs, 1.800 load
179  0.430  0.010  0.005  0.100  0.477  0.000  0.013  0.048  # 149 jobs, 1.490 load
180  0.580  0.020  0.003  0.112  0.547  0.000  0.017  0.055  # 175 jobs, 1.750 load
181  0.680  0.020  0.003  0.110  0.693  0.000  0.017  0.069  # 183 jobs, 1.830 load
182  0.600  0.020  0.001  0.114  0.577  0.000  0.017  0.058  # 177 jobs, 1.770 load
183  0.570  0.010  0.003  0.142  0.707  0.000  0.013  0.071  # 203 jobs, 2.030 load
184  0.680  0.020  0.005  0.130  0.663  0.000  0.023  0.066  # 205 jobs, 2.050 load
185  0.600  0.020  0.005  0.116  0.557  0.000  0.023  0.056  # 183 jobs, 1.830 load
186  0.710  0.020  0.005  0.088  0.637  0.000  0.023  0.064  # 166 jobs, 1.660 load
187  0.620  0.040  0.005  0.096  0.513  0.000  0.030  0.051  # 167 jobs, 1.670 load
188  0.670  0.040  0.006  0.079  0.467  0.000  0.033  0.047  # 156 jobs, 1.560 load
189  0.640  0.030  0.006  0.108  0.597  0.000  0.033  0.060  # 181 jobs, 1.810 load
190  0.750  0.040  0.009  0.085  0.483  0.000  0.047  0.048  # 173 jobs, 1.730 load
191  0.610  0.040  0.009  0.094  0.517  0.000  0.050  0.052  # 168 jobs, 1.680 load
192  0.580  0.050  0.013  0.112  0.520  0.000  0.070  0.052  # 188 jobs, 1.880 load
193  0.620  0.030  0.014  0.109  0.547  0.000  0.057  0.055  # 188 jobs, 1.880 load
194  0.510  0.070  0.015  0.106  0.533  0.000  0.073  0.053  # 179 jobs, 1.790 load
195  0.580  0.100  0.011  0.120  0.600  0.000  0.067  0.060  # 199 jobs, 1.990 load
196  0.490  0.070  0.013  0.119  0.603  0.000  0.067  0.060  # 188 jobs, 1.880 load
197  0.400  0.090  0.015  0.111  0.543  0.000  0.077  0.054  # 175 jobs, 1.750 load
198  0.490  0.070  0.022  0.099  0.477  0.000  0.097  0.048  # 177 jobs, 1.770 load
199  0.570  0.110  0.022  0.112  0.580  0.000  0.120  0.058  # 202 jobs, 2.020 load
200  0.560  0.110  0.025  0.099  0.517  0.000  0.120  0.052  # 191 jobs, 1.910 load
201  0.590  0.100  0.028  0.092  0.493  0.000  0.127  0.049  # 189 jobs, 1.890 load
202  0.530  0.150  0.027  0.086  0.460  0.000  0.137  0.046  # 181 jobs, 1.810 load
203  0.520  0.150  0.032  0.114  0.580  0.000  0.150  0.058  # 213 jobs, 2.130 load
204  0.580  0.090  0.026  0.091  0.473  0.000  0.117  0.047  # 184 jobs, 1.840 load
205  0.450  0.080  0.026  0.091  0.453  0.000  0.113  0.045  # 170 jobs, 1.700 load
206  0.510  0.090  0.036  0.106  0.527  0.000  0.153  0.053  # 202 jobs, 2.020 load
207  0.420  0.150  0.026  0.104  0.440  0.000  0.127  0.044  # 187 jobs, 1.870 load
208  0.430  0.150  0.021  0.075  0.387  0.000  0.123  0.039  # 154 jobs, 1.540 load
209  0.430  0.180  0.025  0.078  0.380  0.000  0.140  0.038  # 164 jobs, 1.640 load
210  0.290  0.210  0.024  0.085  0.370  0.000  0.157  0.037  # 159 jobs, 1.590 load
211  0.330  0.190  0.028  0.078  0.387  0.000  0.153  0.039  # 158 jobs, 1.580 load
212  0.280  0.290  0.029  0.072  0.340  0.000  0.190  0.034  # 158 jobs, 1.580 load
213  0.390  0.340  0.021  0.087  0.413  0.000  0.233  0.041  # 181 jobs, 1.810 load
214  0.270  0.180  0.025  0.062  0.293  0.000  0.137  0.029  # 132 jobs, 1.320 load
215  0.330  0.160  0.027  0.068  0.337  0.000  0.140  0.034  # 144 jobs, 1.440 load
216  0.480  0.210  0.028  0.062  0.363  0.000  0.157  0.036  # 159 jobs, 1.590 load
217  0.420  0.190  0.030  0.064  0.353  0.000  0.163  0.035  # 155 jobs, 1.550 load
218  0.400  0.260  0.028  0.071  0.370  0.000  0.173  0.037  # 165 jobs, 1.650 load
219  0.380  0.260  0.033  0.056  0.300  0.000  0.200  0.030  # 153 jobs, 1.530 load
220  0.450  0.250  0.034  0.060  0.327  0.000  0.197  0.033  # 164 jobs, 1.640 load
221  0.270  0.280  0.034  0.053  0.263  0.000  0.207  0.026  # 142 jobs, 1.420 load
222  0.170  0.220  0.044  0.065  0.230  0.000  0.220  0.023  # 148 jobs, 1.480 load
223  0.190  0.250  0.044  0.048  0.210  0.000  0.243  0.021  # 136 jobs, 1.360 load
224  0.170  0.230  0.048  0.048  0.223  0.000  0.217  0.022  # 136 jobs, 1.360 load
225  0.190  0.220  0.049  0.046  0.217  0.000  0.207  0.022  # 136 jobs, 1.360 load
226  0.190  0.120  0.056  0.036  0.183  0.000  0.213  0.018  # 123 jobs, 1.230 load
227  0.270  0.180  0.058  0.030  0.183  0.000  0.260  0.018  # 133 jobs, 1.330 load
228  0.260  0.210  0.058  0.044  0.243  0.000  0.240  0.024  # 149 jobs, 1.490 load
229  0.320  0.250  0.070  0.041  0.227  0.000  0.293  0.023  # 168 jobs, 1.680 load
230  0.280  0.300  0.051  0.044  0.210  0.000  0.257  0.021  # 153 jobs, 1.530 load
231  0.200  0.250  0.063  0.030  0.173  0.000  0.287  0.017  # 138 jobs, 1.380 load
232  0.180  0.190  0.052  0.029  0.157  0.000  0.233  0.016  # 118 jobs, 1.180 load
233  0.160  0.180  0.057  0.028  0.133  0.000  0.250  0.013  # 119 jobs, 1.190 load
234  0.110  0.210  0.053  0.024  0.113  0.000  0.243  0.011  # 109 jobs, 1.090 load
235  0.110  0.220  0.053  0.021  0.100  0.000  0.250  0.010  # 107 jobs, 1.070 load
236  0.120  0.220  0.058  0.024  0.113  0.000  0.260  0.011  # 116 jobs, 1.160 load
237  0.050  0.270  0.057  0.016  0.070  0.000  0.280  0.007  # 105 jobs, 1.050 load
238  0.040  0.230  0.049  0.015  0.070  0.000  0.240  0.007  # 91 jobs, 0.910 load
239  0.060  0.300  0.056  0.009  0.047  0.000  0.283  0.005  # 101 jobs, 1.010 load
240  0.040  0.350  0.058  0.006  0.033  0.000  0.320  0.003  # 103 jobs, 1.030 load
241  0.030  0.250  0.056  0.002  0.017  0.000  0.290  0.002  # 86 jobs, 0.860 load
242  0.050  0.290  0.049  0.003  0.027  0.000  0.257  0.003  # 86 jobs, 0.860 load
243  0.040  0.290  0.050  0.003  0.023  0.000  0.253  0.002  # 86 jobs, 0.860 load
244  0.060  0.290  0.053  0.003  0.030  0.000  0.290  0.003  # 91 jobs, 0.910 load
245  0.050  0.330  0.037  0.005  0.033  0.000  0.227  0.003  # 80 jobs, 0.800 load
246  0.070  0.310  0.043  0.009  0.053  0.000  0.243  0.005  # 90 jobs, 0.900 load
247  0.100  0.400  0.050  0.015  0.090  0.000  0.287  0.009  # 115 jobs, 1.150 load
248  0.070  0.320  0.048  0.020  0.087  0.000  0.273  0.009  # 107 jobs, 1.070 load
249  0.080  0.330  0.057  0.018  0.083  0.000  0.297  0.008  # 116 jobs, 1.160 load
250  0.100  0.310  0.072  0.019  0.093  0.000  0.360  0.009  # 132 jobs, 1.320 load
251  0.100  0.270  0.049  0.028  0.130  0.000  0.247  0.013  # 114 jobs, 1.140 load
252  0.120  0.380  0.054  0.028  0.133  0.000  0.300  0.013  # 132 jobs, 1.320 load
253  0.160  0.310  0.044  0.026  0.137  0.000  0.247  0.014  # 117 jobs, 1.170 load
254  0.210  0.300  0.049  0.032  0.163  0.000  0.267  0.016  # 132 jobs, 1.320 load
255  0.180  0.350  0.039  0.035  0.180  0.000  0.243  0.018  # 127 jobs, 1.270 load
256  0.200  0.290  0.044  0.044  0.213  0.000  0.257  0.021  # 137 jobs, 1.370 load
257  0.220  0.250  0.055  0.044  0.210  0.000  0.300  0.021  # 146 jobs, 1.460 load
258  0.300  0.240  0.047  0.047  0.250  0.000  0.250  0.025  # 148 jobs, 1.480 load
259  0.320  0.160  0.053  0.061  0.293  0.000  0.230  0.029  # 162 jobs, 1.620 load
260  0.330  0.220  0.055  0.048  0.273  0.000  0.257  0.027  # 158 jobs, 1.580 load
261  0.360  0.330  0.054  0.064  0.340  0.000  0.343  0.034  # 187 jobs, 1.870 load
262  0.290  0.300  0.059  0.060  0.293  0.000  0.290  0.029  # 178 jobs, 1.780 load
263  0.360  0.440  0.068  0.062  0.373  0.000  0.407  0.037  # 210 jobs, 2.100 load
264  0.280  0.420  0.068  0.063  0.290  0.000  0.367  0.029  # 201 jobs, 2.010 load
265  0.230  0.450  0.065  0.078  0.357  0.000  0.357  0.036  # 211 jobs, 2.110 load
266  0.230  0.350  0.067  0.091  0.427  0.000  0.340  0.043  # 216 jobs, 2.160 load
267  0.220  0.410  0.064  0.069  0.317  0.000  0.343  0.032  # 196 jobs, 1.960 load
268  0.290  0.520  0.063  0.078  0.343  0.000  0.343  0.034  # 222 jobs, 2.220 load
269  0.230  0.390  0.079  0.059  0.273  0.000  0.377  0.027  # 200 jobs, 2.000 load
270  0.270  0.510  0.097  0.070  0.323  0.000  0.480  0.032  # 245 jobs, 2.450 load
271  0.270  0.410  0.078  0.084  0.377  0.000  0.397  0.038  # 230 jobs, 2.300 load
272  0.240  0.490  0.074  0.079  0.353  0.000  0.377  0.035  # 226 jobs, 2.260 load
273  0.360  0.320  0.059  0.072  0.340  0.000  0.313  0.034  # 199 jobs, 1.990 load
274  0.320  0.390  0.056  0.078  0.363  0.000  0.297  0.036  # 205 jobs, 2.050 load
275  0.370  0.320  0.057  0.085  0.410  0.000  0.293  0.041  # 211 jobs, 2.110 load
276  0.400  0.320  0.074  0.083  0.393  0.000  0.397  0.039  # 229 jobs, 2.290 load
277  0.380  0.380  0.083  0.073  0.377  0.000  0.413  0.038  # 232 jobs, 2.320 load
278  0.470  0.390  0.080  0.070  0.360  0.000  0.400  0.036  # 236 jobs, 2.360 load
279  0.480  0.390  0.078  0.084  0.467  0.000  0.380  0.047  # 249 jobs, 2.490 load
280  0.450  0.480  0.092  0.092  0.457  0.000  0.457  0.046  # 277 jobs, 2.770 load
281  0.490  0.270  0.060  0.091  0.470  0.000  0.297  0.047  # 227 jobs, 2.270 load
282  0.630  0.320  0.077  0.095  0.507  0.000  0.370  0.051  # 267 jobs, 2.670 load
283  0.740  0.370  0.062  0.112  0.600  0.000  0.270  0.060  # 285 jobs, 2.850 load
284  0.460  0.170  0.072  0.081  0.407  0.000  0.300  0.041  # 216 jobs, 2.160 load
285  0.650  0.210  0.071  0.091  0.540  0.000  0.303  0.054  # 248 jobs, 2.480 load
286  0.590  0.250  0.082  0.079  0.470  0.000  0.363  0.047  # 245 jobs, 2.450 load
287  0.740  0.310  0.056  0.103  0.643  0.000  0.290  0.064  # 264 jobs, 2.640 load
288  0.550  0.350  0.076  0.111  0.540  0.000  0.347  0.054  # 277 jobs, 2.770 load
289  0.530  0.330  0.060  0.109  0.553  0.000  0.310  0.055  # 255 jobs, 2.550 load
290  0.490  0.310  0.068  0.112  0.520  0.000  0.330  0.052  # 260 jobs, 2.600 load
291  0.420  0.280  0.068  0.098  0.490  0.000  0.320  0.049  # 236 jobs, 2.360 load
292  0.420  0.320  0.064  0.102  0.473  0.000  0.317  0.047  # 240 jobs, 2.400 load
293  0.480  0.440  0.050  0.128  0.573  0.000  0.280  0.057  # 270 jobs, 2.700 load
294  0.450  0.310  0.041  0.110  0.517  0.000  0.240  0.052  # 227 jobs, 2.270 load
295  0.540  0.380  0.047  0.092  0.483  0.000  0.277  0.048  # 231 jobs, 2.310 load
296  0.710  0.340  0.059  0.094  0.503  0.000  0.300  0.050  # 258 jobs, 2.580 load
297  0.580  0.310  0.051  0.099  0.523  0.000  0.287  0.052  # 239 jobs, 2.390 load
298  0.600  0.190  0.060  0.089  0.497  0.000  0.250  0.050  # 228 jobs, 2.280 load
299  0.490  0.240  0.043  0.102  0.503  0.000  0.220  0.050  # 218 jobs, 2.180 load
300  0.480  0.290  0.041  0.108  0.513  0.000  0.220  0.051  # 226 jobs, 2.260 load
301  0.390  0.310  0.039  0.098  0.450  0.000  0.223  0.045  # 207 jobs, 2.070 load
302  0.460  0.260  0.057  0.106  0.507  0.000  0.267  0.051  # 235 jobs, 2.350 load
303  0.580  0.290  0.050  0.121  0.597  0.000  0.260  0.060  # 258 jobs, 2.580 load
304  0.550  0.320  0.050  0.103  0.527  0.000  0.290  0.053  # 240 jobs, 2.400 load
305  0.550  0.230  0.055  0.119  0.580  0.000  0.257  0.058  # 252 jobs, 2.520 load
306  0.540  0.220  0.050  0.102  0.527  0.000  0.240  0.053  # 228 jobs, 2.280 load
307  0.650  0.160  0.054  0.098  0.567  0.000  0.237  0.057  # 233 jobs, 2.330 load
308  0.570  0.220  0.049  0.124  0.623  0.000  0.233  0.062  # 252 jobs, 2.520 load
309  0.690  0.270  0.061  0.104  0.557  0.000  0.290  0.056  # 261 jobs, 2.610 load
310  0.540  0.240  0.049  0.101  0.507  0.000  0.233  0.051  # 228 jobs, 2.280 load
311  0.580  0.170  0.042  0.099  0.503  0.000  0.197  0.050  # 216 jobs, 2.160 load
312  0.530  0.210  0.050  0.086  0.510  0.000  0.223  0.051  # 210 jobs, 2.100 load
313  0.550  0.270  0.042  0.100  0.517  0.000  0.230  0.052  # 224 jobs, 2.240 load
314  0.660  0.310  0.036  0.110  0.543  0.000  0.220  0.054  # 243 jobs, 2.430 load
315  0.550  0.360  0.036  0.100  0.513  0.000  0.237  0.051  # 227 jobs, 2.270 load
316  0.510  0.370  0.048  0.083  0.443  0.000  0.253  0.044  # 219 jobs, 2.190 load
317  0.500  0.250  0.039  0.079  0.430  0.000  0.213  0.043  # 193 jobs, 1.930 load
318  0.530  0.230  0.049  0.093  0.490  0.000  0.227  0.049  # 218 jobs, 2.180 load
319  0.470  0.300  0.064  0.093  0.473  0.000  0.300  0.047  # 234 jobs, 2.340 load
320  0.460  0.260  0.057  0.086  0.437  0.000  0.283  0.044  # 215 jobs, 2.150 load
321  0.480  0.230  0.048  0.086  0.430  0.000  0.237  0.043  # 205 jobs, 2.050 load
322  0.450  0.230  0.048  0.093  0.457  0.000  0.237  0.046  # 209 jobs, 2.090 load
323  0.350  0.200  0.047  0.112  0.527  0.000  0.223  0.053  # 214 jobs, 2.140 load
324  0.340  0.200  0.041  0.101  0.427  0.000  0.200  0.043  # 196 jobs, 1.960 load
325  0.530  0.210  0.045  0.112  0.540  0.000  0.220  0.054  # 231 jobs, 2.310 load
326  0.470  0.220  0.036  0.119  0.567  0.000  0.187  0.057  # 224 jobs, 2.240 load
327  0.480  0.150  0.026  0.085  0.443  0.000  0.137  0.044  # 174 jobs, 1.740 load
328  0.460  0.210  0.026  0.104  0.480  0.000  0.150  0.048  # 197 jobs, 1.970 load
329  0.510  0.170  0.030  0.129  0.580  0.000  0.133  0.058  # 227 jobs, 2.270 load
330  0.310  0.130  0.025  0.100  0.440  0.000  0.127  0.044  # 169 jobs, 1.690 load
331  0.370  0.100  0.030  0.105  0.473  0.000  0.127  0.047  # 182 jobs, 1.820 load
332  0.370  0.150  0.035  0.106  0.450  0.000  0.163  0.045  # 193 jobs, 1.930 load
333  0.360  0.190  0.040  0.097  0.407  0.000  0.197  0.041  # 192 jobs, 1.920 load
334  0.320  0.180  0.042  0.070  0.357  0.000  0.193  0.036  # 162 jobs, 1.620 load
335  0.300  0.150  0.044  0.062  0.307  0.000  0.197  0.031  # 151 jobs, 1.510 load
336  0.320  0.130  0.037  0.073  0.363  0.000  0.160  0.036  # 155 jobs, 1.550 load
337  0.310  0.080  0.030  0.054  0.277  0.000  0.127  0.028  # 123 jobs, 1.230 load
338  0.290  0.080  0.024  0.066  0.327  0.000  0.107  0.033  # 127 jobs, 1.270 load
339  0.260  0.090  0.024  0.057  0.280  0.000  0.110  0.028  # 116 jobs, 1.160 load
340  0.180  0.100  0.027  0.050  0.233  0.000  0.123  0.023  # 105 jobs, 1.050 load
341  0.260  0.060  0.020  0.059  0.277  0.000  0.090  0.028  # 111 jobs, 1.110 load
342  0.260  0.100  0.026  0.062  0.297  0.000  0.137  0.030  # 124 jobs, 1.240 load
343  0.270  0.080  0.033  0.059  0.290  0.000  0.133  0.029  # 127 jobs, 1.270 load
344  0.240  0.080  0.028  0.048  0.237  0.000  0.123  0.024  # 108 jobs, 1.080 load
345  0.170  0.070  0.027  0.045  0.200  0.000  0.120  0.020  # 96 jobs, 0.960 load
346  0.110  0.100  0.027  0.039  0.167  0.000  0.120  0.017  # 87 jobs, 0.870 load
347  0.120  0.120  0.025  0.032  0.147  0.000  0.117  0.015  # 81 jobs, 0.810 load
348  0.120  0.100  0.024  0.033  0.150  0.000  0.107  0.015  # 79 jobs, 0.790 load
349  0.100  0.060  0.022  0.032  0.137  0.000  0.097  0.014  # 70 jobs, 0.700 load
350  0.130  0.070  0.015  0.033  0.147  0.000  0.063  0.015  # 68 jobs, 0.680 load
351  0.100  0.060  0.020  0.039  0.160  0.000  0.063  0.016  # 75 jobs, 0.750 load
352  0.090  0.040  0.009  0.038  0.157  0.000  0.040  0.016  # 60 jobs, 0.600 load
353  0.120  0.070  0.013  0.031  0.140  0.000  0.063  0.014  # 63 jobs, 0.630 load
354  0.140  0.100  0.015  0.020  0.103  0.000  0.080  0.010  # 59 jobs, 0.590 load
355  0.100  0.070  0.012  0.019  0.107  0.000  0.063  0.011  # 48 jobs, 0.480 load
356  0.110  0.080  0.006  0.022  0.127  0.000  0.047  0.013  # 47 jobs, 0.470 load
357  0.030  0.060  0.005  0.016  0.060  0.000  0.027  0.006  # 30 jobs, 0.300 load
358  0.030  0.060  0.006  0.013  0.053  0.000  0.030  0.005  # 28 jobs, 0.280 load
359  0.020  0.040  0.003  0.014  0.053  0.000  0.023  0.005  # 23 jobs, 0.230 load
360  0.020  0.040  0.003  0.015  0.060  0.000  0.023  0.006  # 24 jobs, 0.240 load
361  0.010  0.050  0.002  0.007  0.027  0.000  0.023  0.003  # 15 jobs, 0.150 load
362  0.020  0.060  0.002  0.003  0.017  0.000  0.027  0.002  # 13 jobs, 0.130 load
363  0.030  0.040  0.002  0.001  0.017  0.000  0.023  0.002  # 10 jobs, 0.100 load
364  0.020  0.050  0.004  0.001  0.010  0.000  0.033  0.001  # 12 jobs, 0.120 load
365  0.010  0.040  0.007  0.002  0.010  0.000  0.037  0.001  # 14 jobs, 0.140 load
366  0.010  0.050  0.006  0.003  0.013  0.000  0.043  0.001  # 15 jobs, 0.150 load
367  0.030  0.030  0.008  0.007  0.033  0.000  0.033  0.003  # 21 jobs, 0.210 load
368  0.070  0.040  0.008  0.015  0.073  0.000  0.040  0.007  # 34 jobs, 0.340 load
369  0.070  0.060  0.009  0.017  0.083  0.000  0.053  0.008  # 39 jobs, 0.390 load
370  0.090  0.060  0.016  0.024  0.110  0.000  0.070  0.011  # 55 jobs, 0.550 load
371  0.080  0.080  0.018  0.028  0.127  0.000  0.087  0.013  # 62 jobs, 0.620 load
372  0.080  0.110  0.024  0.029  0.127  0.000  0.117  0.013  # 72 jobs, 0.720 load
373  0.120  0.120  0.023  0.038  0.173  0.000  0.117  0.017  # 85 jobs, 0.850 load
374  0.100  0.140  0.028  0.032  0.150  0.000  0.140  0.015  # 84 jobs, 0.840 load
375  0.170  0.110  0.019  0.034  0.170  0.000  0.100  0.017  # 81 jobs, 0.810 load
376  0.200  0.100  0.027  0.035  0.187  0.000  0.127  0.019  # 92 jobs, 0.920 load
377  0.210  0.150  0.027  0.029  0.170  0.000  0.137  0.017  # 92 jobs, 0.920 load
378  0.190  0.190  0.036  0.030  0.163  0.000  0.177  0.016  # 104 jobs, 1.040 load
379  0.230  0.160  0.034  0.034  0.177  0.000  0.167  0.018  # 107 jobs, 1.070 load
380  0.230  0.170  0.033  0.032  0.190  0.000  0.167  0.019  # 105 jobs, 1.050 load
381  0.310  0.160  0.038  0.045  0.283  0.000  0.173  0.028  # 130 jobs, 1.300 load
382  0.260  0.220  0.038  0.053  0.243  0.000  0.197  0.024  # 139 jobs, 1.390 load
383  0.240  0.240  0.032  0.059  0.277  0.000  0.230  0.028  # 139 jobs, 1.390 load
384  0.270  0.200  0.037  0.067  0.307  0.000  0.193  0.031  # 151 jobs, 1.510 load
385  0.270  0.210  0.038  0.075  0.333  0.000  0.197  0.033  # 161 jobs, 1.610 load
386  0.280  0.220  0.048  0.077  0.353  0.000  0.223  0.035  # 175 jobs, 1.750 load
387  0.350  0.240  0.054  0.082  0.417  0.000  0.233  0.042  # 195 jobs, 1.950 load
388  0.320  0.190  0.061  0.070  0.340  0.000  0.263  0.034  # 182 jobs, 1.820 load
389  0.340  0.160  0.056  0.072  0.353  0.000  0.233  0.035  # 178 jobs, 1.780 load
390  0.350  0.290  0.070  0.065  0.333  0.000  0.323  0.033  # 199 jobs, 1.990 load
391  0.320  0.310  0.057  0.066  0.323  0.000  0.290  0.032  # 186 jobs, 1.860 load
392  0.430  0.390  0.072  0.083  0.413  0.000  0.367  0.041  # 237 jobs, 2.370 load
393  0.460  0.340  0.067  0.078  0.403  0.000  0.333  0.040  # 225 jobs, 2.250 load
394  0.440  0.490  0.084  0.073  0.370  0.000  0.440  0.037  # 250 jobs, 2.500 load
395  0.530  0.330  0.093  0.064  0.357  0.000  0.487  0.036  # 243 jobs, 2.430 load
396  0.380  0.300  0.059  0.065  0.337  0.000  0.297  0.034  # 192 jobs, 1.920 load
397  0.350  0.350  0.060  0.071  0.353  0.000  0.323  0.035  # 201 jobs, 2.010 load
398  0.470  0.430  0.084  0.080  0.397  0.000  0.430  0.040  # 254 jobs, 2.540 load
399  0.400  0.310  0.069  0.100  0.433  0.000  0.320  0.043  # 240 jobs, 2.400 load
400  0.460  0.320  0.086  0.101  0.500  0.000  0.367  0.050  # 265 jobs, 2.650 load
401  0.410  0.320  0.095  0.121  0.530  0.000  0.383  0.053  # 289 jobs, 2.890 load
402  0.410  0.320  0.084  0.108  0.520  0.000  0.383  0.052  # 265 jobs, 2.650 load
403  0.460  0.370  0.096  0.093  0.463  0.000  0.457  0.046  # 272 jobs, 2.720 load
404  0.560  0.330  0.094  0.097  0.533  0.000  0.393  0.053  # 280 jobs, 2.800 load
405  0.570  0.390  0.084  0.112  0.560  0.000  0.427  0.056  # 292 jobs, 2.920 load
406  0.510  0.440  0.109  0.098  0.487  0.000  0.490  0.049  # 302 jobs, 3.020 load
407  0.400  0.420  0.090  0.089  0.427  0.000  0.417  0.043  # 261 jobs, 2.610 load
408  0.340  0.550  0.088  0.103  0.447  0.000  0.473  0.045  # 280 jobs, 2.800 load
409  0.470  0.490  0.094  0.109  0.513  0.000  0.467  0.051  # 299 jobs, 2.990 load
410  0.380  0.540  0.079  0.105  0.470  0.000  0.430  0.047  # 276 jobs, 2.760 load
411  0.510  0.520  0.091  0.120  0.570  0.000  0.497  0.057  # 314 jobs, 3.140 load
412  0.560  0.480  0.084  0.113  0.560  0.000  0.440  0.056  # 301 jobs, 3.010 load
413  0.640  0.630  0.084  0.110  0.580  0.000  0.573  0.058  # 321 jobs, 3.210 load
414  0.570  0.470  0.093  0.103  0.563  0.000  0.467  0.056  # 300 jobs, 3.000 load
415  0.640  0.520  0.100  0.099  0.513  0.000  0.557  0.051  # 315 jobs, 3.150 load
416  0.470  0.480  0.100  0.097  0.470  0.000  0.493  0.047  # 292 jobs, 2.920 load
417  0.460  0.500  0.095  0.100  0.463  0.000  0.480  0.046  # 291 jobs, 2.910 load
418  0.420  0.450  0.105  0.115  0.517  0.000  0.513  0.052  # 307 jobs, 3.070 load
419  0.380  0.450  0.100  0.138  0.490  0.000  0.450  0.049  # 321 jobs, 3.210 load
420  0.390  0.490  0.095  0.108  0.503  0.000  0.447  0.050  # 291 jobs, 2.910 load
421  0.520  0.360  0.106  0.106  0.527  0.000  0.483  0.053  # 300 jobs, 3.000 load
422  0.520  0.400  0.100  0.097  0.497  0.000  0.450  0.050  # 289 jobs, 2.890 load
423  0.730  0.510  0.103  0.098  0.590  0.000  0.550  0.059  # 325 jobs, 3.250 load
424  0.620  0.380  0.107  0.121  0.557  0.000  0.483  0.056  # 328 jobs, 3.280 load
425  0.590  0.440  0.094  0.090  0.497  0.000  0.447  0.050  # 287 jobs, 2.870 load
426  0.710  0.410  0.091  0.105  0.610  0.000  0.437  0.061  # 308 jobs, 3.080 load
427  0.470  0.450  0.095  0.104  0.500  0.000  0.457  0.050  # 291 jobs, 2.910 load
428  0.490  0.590  0.127  0.112  0.533  0.000  0.610  0.053  # 347 jobs, 3.470 load
429  0.470  0.570  0.113  0.098  0.483  0.000  0.563  0.048  # 315 jobs, 3.150 load
430  0.540  0.540  0.108  0.103  0.487  0.000  0.563  0.049  # 319 jobs, 3.190 load
431  0.490  0.490  0.131  0.108  0.507  0.000  0.557  0.051  # 337 jobs, 3.370 load
432  0.530  0.540  0.116  0.103  0.517  0.000  0.570  0.052  # 326 jobs, 3.260 load
433  0.660  0.620  0.129  0.110  0.540  0.000  0.627  0.054  # 367 jobs, 3.670 load
434  0.420  0.680  0.125  0.103  0.457  0.000  0.633  0.046  # 338 jobs, 3.380 load
435  0.370  0.690  0.143  0.100  0.443  0.001  0.727  0.045  # 349 jobs, 3.490 load
436  0.480  0.750  0.125  0.104  0.487  0.001  0.643  0.049  # 352 jobs, 3.520 load
437  0.410  0.520  0.144  0.099  0.447  0.002  0.583  0.046  # 336 jobs, 3.360 load
438  0.460  0.460  0.131  0.114  0.517  0.002  0.580  0.053  # 337 jobs, 3.370 load
439  0.570  0.560  0.114  0.115  0.533  0.002  0.583  0.055  # 342 jobs, 3.420 load
440  0.420  0.400  0.147  0.103  0.477  0.001  0.560  0.049  # 332 jobs, 3.320 load
441  0.500  0.410  0.140  0.092  0.500  0.000  0.623  0.048  # 323 jobs, 3.230 load
442  0.560  0.470  0.124  0.075  0.420  0.000  0.570  0.042  # 302 jobs, 3.020 load
443  0.480  0.540  0.125  0.078  0.420  0.000  0.590  0.042  # 305 jobs, 3.050 load
444  0.430  0.520  0.122  0.079  0.420  0.000  0.580  0.042  # 296 jobs, 2.960 load
445  0.310  0.580  0.125  0.080  0.400  0.000  0.597  0.040  # 294 jobs, 2.940 load
446  0.310  0.680  0.152  0.076  0.347  0.000  0.743  0.035  # 327 jobs, 3.270 load
447  0.320  0.820  0.131  0.083  0.370  0.000  0.653  0.037  # 328 jobs, 3.280 load
448  0.340  0.570  0.123  0.072  0.347  0.001  0.587  0.035  # 286 jobs, 2.860 load
449  0.400  0.630  0.142  0.098  0.463  0.001  0.673  0.047  # 343 jobs, 3.430 load
450  0.380  0.550  0.119  0.075  0.367  0.001  0.580  0.037  # 287 jobs, 2.870 load
451  0.410  0.690  0.124  0.091  0.443  0.001  0.723  0.045  # 325 jobs, 3.250 load
452  0.410  0.580  0.114  0.096  0.417  0.004  0.567  0.045  # 309 jobs, 3.090 load
453  0.510  0.590  0.142  0.085  0.420  0.004  0.627  0.046  # 337 jobs, 3.370 load
454  0.440  0.700  0.172  0.111  0.453  0.004  0.730  0.049  # 397 jobs, 3.970 load
455  0.300  0.600  0.134  0.126  0.387  0.004  0.670  0.042  # 350 jobs, 3.500 load
456  0.390  0.750  0.136  0.081  0.337  0.002  0.697  0.035  # 331 jobs, 3.310 load
457  0.280  0.770  0.136  0.084  0.370  0.000  0.703  0.037  # 325 jobs, 3.250 load
458  0.360  0.750  0.130  0.079  0.380  0.000  0.650  0.038  # 320 jobs, 3.200 load
459  0.350  0.580  0.117  0.076  0.377  0.000  0.597  0.038  # 286 jobs, 2.860 load
460  0.300  0.560  0.141  0.057  0.283  0.000  0.650  0.028  # 284 jobs, 2.840 load
461  0.330  0.630  0.141  0.044  0.253  0.000  0.663  0.025  # 281 jobs, 2.810 load
462  0.270  0.640  0.108  0.043  0.240  0.000  0.567  0.024  # 242 jobs, 2.420 load
463  0.260  0.670  0.093  0.057  0.300  0.000  0.550  0.030  # 243 jobs, 2.430 load
464  0.250  0.680  0.083  0.041  0.217  0.000  0.513  0.022  # 217 jobs, 2.170 load
465  0.280  0.810  0.099  0.047  0.243  0.000  0.567  0.024  # 255 jobs, 2.550 load
466  0.260  0.610  0.114  0.050  0.253  0.000  0.553  0.025  # 251 jobs, 2.510 load
467  0.210  0.550  0.125  0.045  0.233  0.000  0.597  0.023  # 246 jobs, 2.460 load
468  0.180  0.610  0.135  0.039  0.203  0.000  0.653  0.020  # 253 jobs, 2.530 load
469  0.180  0.520  0.152  0.030  0.150  0.000  0.727  0.015  # 252 jobs, 2.520 load
470  0.140  0.660  0.130  0.030  0.143  0.000  0.637  0.014  # 240 jobs, 2.400 load
471  0.130  0.620  0.111  0.024  0.117  0.000  0.553  0.012  # 210 jobs, 2.100 load
472  0.120  0.500  0.111  0.029  0.127  0.000  0.530  0.013  # 202 jobs, 2.020 load
473  0.140  0.680  0.117  0.019  0.110  0.000  0.623  0.011  # 218 jobs, 2.180 load
474  0.120  0.540  0.122  0.016  0.093  0.000  0.583  0.009  # 204 jobs, 2.040 load
475  0.100  0.540  0.141  0.023  0.100  0.000  0.657  0.010  # 228 jobs, 2.280 load
476  0.130  0.540  0.124  0.018  0.103  0.000  0.570  0.010  # 209 jobs, 2.090 load
477  0.080  0.500  0.147  0.020  0.080  0.000  0.677  0.008  # 225 jobs, 2.250 load
478  0.080  0.480  0.161  0.016  0.077  0.000  0.727  0.008  # 233 jobs, 2.330 load
479  0.050  0.590  0.141  0.011  0.053  0.000  0.640  0.005  # 216 jobs, 2.160 load
480  0.040  0.640  0.120  0.010  0.053  0.000  0.593  0.005  # 198 jobs, 1.980 load
481  0.040  0.710  0.120  0.001  0.020  0.000  0.610  0.002  # 196 jobs, 1.960 load
482  0.040  0.630  0.113  0.001  0.017  0.000  0.580  0.002  # 181 jobs, 1.810 load
483  0.020  0.800  0.128  0.003  0.017  0.000  0.683  0.002  # 213 jobs, 2.130 load
484  0.020  0.470  0.152  0.012  0.023  0.002  0.573  0.005  # 213 jobs, 2.130 load
485  0.030  0.640  0.110  0.017  0.043  0.002  0.653  0.007  # 194 jobs, 1.940 load
486  0.040  0.520  0.093  0.018  0.050  0.002  0.477  0.007  # 167 jobs, 1.670 load
487  0.040  0.700  0.088  0.020  0.060  0.002  0.573  0.008  # 182 jobs, 1.820 load
488  0.050  0.620  0.093  0.019  0.070  0.001  0.520  0.008  # 179 jobs, 1.790 load
489  0.080  0.680  0.102  0.017  0.083  0.000  0.583  0.008  # 195 jobs, 1.950 load
490  0.070  0.620  0.106  0.022  0.097  0.000  0.560  0.010  # 197 jobs, 1.970 load
491  0.130  0.570  0.090  0.024  0.127  0.000  0.480  0.013  # 184 jobs, 1.840 load
492  0.140  0.680  0.105  0.020  0.117  0.000  0.587  0.012  # 207 jobs, 2.070 load
493  0.180  0.510  0.096  0.026  0.153  0.000  0.497  0.015  # 191 jobs, 1.910 load
494  0.240  0.560  0.101  0.024  0.167  0.000  0.523  0.017  # 205 jobs, 2.050 load
495  0.200  0.480  0.125  0.031  0.173  0.000  0.647  0.017  # 224 jobs, 2.240 load
496  0.250  0.510  0.103  0.041  0.237  0.000  0.507  0.024  # 220 jobs, 2.200 load
497  0.160  0.600  0.111  0.044  0.197  0.000  0.560  0.020  # 231 jobs, 2.310 load
498  0.190  0.480  0.104  0.058  0.257  0.000  0.520  0.026  # 229 jobs, 2.290 load
499  0.220  0.450  0.095  0.061  0.273  0.000  0.457  0.027  # 223 jobs, 2.230 load
500  0.260  0.350  0.082  0.058  0.290  0.000  0.387  0.029  # 201 jobs, 2.010 load
501  0.300  0.390  0.083  0.075  0.360  0.000  0.440  0.036  # 227 jobs, 2.270 load
502  0.280  0.330  0.105  0.068  0.323  0.000  0.430  0.032  # 234 jobs, 2.340 load
503  0.310  0.320  0.074  0.055  0.290  0.000  0.357  0.029  # 192 jobs, 1.920 load
504  0.260  0.420  0.067  0.068  0.307  0.000  0.350  0.031  # 203 jobs, 2.030 load
505  0.250  0.360  0.079  0.063  0.273  0.000  0.383  0.027  # 203 jobs, 2.030 load
506  0.260  0.430  0.093  0.063  0.290  0.000  0.470  0.029  # 225 jobs, 2.250 load
507  0.250  0.440  0.085  0.069  0.297  0.000  0.423  0.030  # 223 jobs, 2.230 load
508  0.280  0.350  0.094  0.065  0.307  0.000  0.403  0.031  # 222 jobs, 2.220 load
509  0.360  0.320  0.083  0.057  0.377  0.000  0.350  0.038  # 208 jobs, 2.080 load
510  0.320  0.280  0.062  0.072  0.347  0.000  0.307  0.035  # 194 jobs, 1.940 load
511  0.350  0.240  0.053  0.065  0.330  0.000  0.257  0.033  # 177 jobs, 1.770 load
512  0.380  0.300  0.050  0.071  0.360  0.000  0.260  0.036  # 189 jobs, 1.890 load
513  0.300  0.260  0.067  0.077  0.343  0.000  0.333  0.034  # 200 jobs, 2.000 load
514  0.410  0.180  0.063  0.087  0.430  0.000  0.267  0.043  # 209 jobs, 2.090 load
515  0.390  0.190  0.052  0.114  0.540  0.000  0.227  0.054  # 224 jobs, 2.240 load
516  0.440  0.110  0.054  0.089  0.437  0.000  0.230  0.044  # 198 jobs, 1.980 load
517  0.520  0.170  0.051  0.097  0.503  0.000  0.230  0.050  # 217 jobs, 2.170 load
518  0.410  0.170  0.054  0.095  0.463  0.000  0.240  0.046  # 207 jobs, 2.070 load
519  0.430  0.180  0.045  0.101  0.477  0.000  0.207  0.048  # 207 jobs, 2.070 load
520  0.350  0.150  0.048  0.093  0.440  0.000  0.200  0.044  # 191 jobs, 1.910 load
521  0.480  0.130  0.049  0.095  0.440  0.000  0.203  0.044  # 205 jobs, 2.050 load
522  0.400  0.100  0.040  0.111  0.480  0.000  0.170  0.048  # 201 jobs, 2.010 load
523  0.550  0.110  0.043  0.107  0.523  0.000  0.180  0.052  # 216 jobs, 2.160 load
524  0.580  0.130  0.045  0.104  0.540  0.000  0.193  0.054  # 220 jobs, 2.200 load
525  0.550  0.170  0.051  0.096  0.510  0.000  0.227  0.051  # 219 jobs, 2.190 load
526  0.530  0.150  0.041  0.098  0.497  0.000  0.180  0.050  # 207 jobs, 2.070 load
527  0.540  0.110  0.046  0.094  0.483  0.000  0.163  0.048  # 205 jobs, 2.050 load
528  0.490  0.120  0.030  0.098  0.513  0.000  0.143  0.051  # 189 jobs, 1.890 load
529  0.580  0.140  0.021  0.118  0.657  0.000  0.113  0.066  # 211 jobs, 2.110 load
530  0.510  0.100  0.016  0.124  0.573  0.000  0.087  0.057  # 201 jobs, 2.010 load
531  0.540  0.140  0.018  0.119  0.573  0.000  0.103  0.057  # 205 jobs, 2.050 load
532  0.530  0.130  0.016  0.121  0.563  0.000  0.093  0.056  # 203 jobs, 2.030 load
533  0.650  0.140  0.019  0.155  0.717  0.000  0.107  0.072  # 253 jobs, 2.530 load
534  0.560  0.160  0.023  0.135  0.607  0.000  0.120  0.061  # 230 jobs, 2.300 load
535  0.440  0.120  0.023  0.140  0.643  0.000  0.117  0.064  # 219 jobs, 2.190 load
536  0.620  0.100  0.012  0.104  0.630  0.000  0.073  0.063  # 188 jobs, 1.880 load
537  0.470  0.090  0.013  0.113  0.527  0.000  0.073  0.053  # 182 jobs, 1.820 load
538  0.460  0.110  0.014  0.111  0.510  0.000  0.083  0.051  # 182 jobs, 1.820 load
539  0.470  0.040  0.005  0.107  0.520  0.000  0.030  0.052  # 163 jobs, 1.630 load
540  0.470  0.040  0.002  0.104  0.493  0.000  0.020  0.049  # 157 jobs, 1.570 load
541  0.460  0.040  0.002  0.124  0.587  0.000  0.020  0.059  # 176 jobs, 1.760 load
542  0.470  0.080  0.003  0.112  0.530  0.000  0.037  0.053  # 170 jobs, 1.700 load
543  0.450  0.100  0.014  0.118  0.537  0.000  0.080  0.054  # 187 jobs, 1.870 load
544  0.560  0.090  0.032  0.117  0.540  0.000  0.137  0.054  # 214 jobs, 2.140 load
545  0.450  0.160  0.046  0.105  0.497  0.000  0.207  0.050  # 212 jobs, 2.120 load
546  0.490  0.260  0.056  0.098  0.480  0.000  0.283  0.048  # 229 jobs, 2.290 load
547  0.360  0.290  0.057  0.110  0.470  0.000  0.287  0.047  # 232 jobs, 2.320 load
548  0.370  0.330  0.065  0.134  0.587  0.000  0.320  0.059  # 269 jobs, 2.690 load
549  0.350  0.390  0.073  0.109  0.503  0.000  0.380  0.050  # 256 jobs, 2.560 load
550  0.420  0.470  0.078  0.080  0.393  0.000  0.427  0.039  # 247 jobs, 2.470 load
551  0.400  0.510  0.089  0.097  0.440  0.000  0.463  0.044  # 277 jobs, 2.770 load
552  0.360  0.630  0.118  0.106  0.463  0.000  0.637  0.046  # 323 jobs, 3.230 load
553  0.410  0.670  0.099  0.108  0.493  0.000  0.600  0.049  # 315 jobs, 3.150 load
554  0.550  0.720  0.147  0.108  0.527  0.000  0.690  0.053  # 382 jobs, 3.820 load
555  0.600  0.680  0.144  0.112  0.517  0.006  0.703  0.057  # 384 jobs, 3.840 load
556  0.630  0.760  0.149  0.140  0.563  0.012  0.813  0.068  # 428 jobs, 4.280 load
557  0.720  0.660  0.187  0.125  0.470  0.016  0.807  0.063  # 450 jobs, 4.500 load
558  0.670  0.640  0.148  0.157  0.533  0.021  0.700  0.074  # 436 jobs, 4.360 load
559  0.540  0.650  0.153  0.129  0.453  0.018  0.683  0.063  # 401 jobs, 4.010 load
560  0.690  0.790  0.145  0.157  0.583  0.019  0.733  0.077  # 450 jobs, 4.500 load
561  0.450  0.750  0.168  0.216  0.483  0.031  0.803  0.068  # 504 jobs, 5.040 load
562  0.490  0.810  0.142  0.209  0.517  0.036  0.670  0.088  # 481 jobs, 4.810 load
563  0.430  0.810  0.161  0.213  0.430  0.042  0.783  0.085  # 498 jobs, 4.980 load
564  0.420  0.470  0.185  0.233  0.463  0.049  0.743  0.090  # 507 jobs, 5.070 load
565  0.340  0.580  0.188  0.233  0.413  0.050  0.823  0.090  # 513 jobs, 5.130 load
566  0.380  0.420  0.188  0.265  0.393  0.075  0.823  0.101  # 533 jobs, 5.330 load
567  0.380  0.600  0.142  0.243  0.400  0.055  0.667  0.094  # 483 jobs, 4.830 load
568  0.370  0.720  0.167  0.272  0.393  0.059  0.800  0.104  # 548 jobs, 5.480 load
569  0.490  0.730  0.154  0.256  0.437  0.059  0.737  0.099  # 532 jobs, 5.320 load
570  0.560  0.760  0.145  0.339  0.547  0.082  0.803  0.128  # 616 jobs, 6.160 load
571  0.400  0.720  0.145  0.332  0.433  0.080  0.793  0.123  # 589 jobs, 5.890 load
572  0.350  0.610  0.183  0.362  0.500  0.092  0.723  0.133  # 641 jobs, 6.410 load
573  0.340  0.590  0.175  0.382  0.433  0.109  0.813  0.140  # 650 jobs, 6.500 load
574  0.420  0.520  0.128  0.386  0.423  0.104  0.597  0.140  # 608 jobs, 6.080 load
575  0.340  0.720  0.164  0.440  0.430  0.106  0.787  0.160  # 710 jobs, 7.100 load
576  0.330  0.790  0.129  0.417  0.327  0.113  0.673  0.150  # 658 jobs, 6.580 load
577  0.350  0.700  0.179  0.358  0.343  0.096  0.790  0.131  # 642 jobs, 6.420 load
578  0.360  0.680  0.163  0.332  0.390  0.093  0.777  0.121  # 599 jobs, 5.990 load
579  0.320  0.660  0.177  0.362  0.293  0.102  0.793  0.131  # 637 jobs, 6.370 load
580  0.290  0.560  0.170  0.382  0.287  0.108  0.740  0.137  # 637 jobs, 6.370 load
581  0.260  0.680  0.173  0.347  0.283  0.098  0.800  0.125  # 614 jobs, 6.140 load
582  0.280  0.710  0.167  0.459  0.290  0.129  0.787  0.164  # 725 jobs, 7.250 load
583  0.220  0.700  0.161  0.577  0.313  0.165  0.783  0.205  # 830 jobs, 8.300 load
584  0.200  0.760  0.159  0.433  0.280  0.124  0.783  0.151  # 688 jobs, 6.880 load
585  0.180  0.730  0.158  0.575  0.253  0.167  0.783  0.200  # 824 jobs, 8.240 load
586  0.170  0.810  0.173  0.678  0.213  0.200  0.803  0.235  # 949 jobs, 9.490 load
587  0.150  0.630  0.155  0.500  0.203  0.153  0.687  0.172  # 733 jobs, 7.330 load
588  0.150  0.650  0.177  0.448  0.190  0.139  0.800  0.154  # 705 jobs, 7.050 load
589  0.170  0.700  0.166  0.512  0.233  0.158  0.780  0.187  # 765 jobs, 7.650 load
590  0.110  0.720  0.161  0.579  0.137  0.181  0.747  0.169  # 823 jobs, 8.230 load
591  0.170  0.770  0.145  0.503  0.170  0.158  0.757  0.172  # 742 jobs, 7.420 load
592  0.130  0.730  0.161  0.512  0.157  0.159  0.780  0.175  # 759 jobs, 7.590 load
593  0.180  0.730  0.165  0.601  0.163  0.193  0.787  0.206  # 857 jobs, 8.570 load
594  0.190  0.670  0.165  0.554  0.153  0.175  0.793  0.191  # 805 jobs, 8.050 load
595  0.150  0.670  0.168  0.669  0.127  0.212  0.810  0.230  # 919 jobs, 9.190 load
596  0.180  0.550  0.116  0.521  0.133  0.168  0.560  0.179  # 710 jobs, 7.100 load
597  0.210  0.700  0.195  0.598  0.147  0.194  0.790  0.205  # 884 jobs, 8.840 load
598  0.060  0.700  0.169  0.600  0.063  0.196  0.787  0.203  # 845 jobs, 8.450 load
599  0.060  0.680  0.181  0.617  0.030  0.203  0.797  0.208  # 872 jobs, 8.720 load
600  0.040  0.700  0.177  0.727  0.013  0.239  0.820  0.244  # 978 jobs, 9.780 load
601  0.010  0.640  0.173  0.561  0.007  0.187  0.773  0.187  # 799 jobs, 7.990 load
602  0.010  0.630  0.184  0.547  0.007  0.182  0.803  0.183  # 795 jobs, 7.950 load
603  0.030  0.770  0.167  0.581  0.013  0.193  0.783  0.195  # 828 jobs, 8.280 load
604  0.050  0.630  0.129  0.633  0.033  0.209  0.627  0.213  # 830 jobs, 8.300 load
605  0.080  0.730  0.155  0.617  0.053  0.203  0.760  0.208  # 853 jobs, 8.530 load
606  0.100  0.710  0.166  0.626  0.087  0.203  0.790  0.212  # 873 jobs, 8.730 load
607  0.110  0.700  0.173  0.720  0.093  0.233  0.817  0.243  # 974 jobs, 9.740 load
608  0.060  0.680  0.194  0.675  0.083  0.219  0.807  0.227  # 943 jobs, 9.430 load
609  0.060  0.810  0.131  0.650  0.080  0.210  0.633  0.218  # 868 jobs, 8.680 load
610  0.070  0.470  0.204  0.770  0.067  0.249  0.767  0.259  # 1028 jobs, 10.280 load
611  0.070  0.690  0.222  0.646  0.083  0.211  0.897  0.219  # 944 jobs, 9.440 load
612  0.060  0.580  0.175  0.650  0.083  0.212  0.677  0.220  # 889 jobs, 8.890 load
613  0.090  0.700  0.175  0.682  0.110  0.220  0.807  0.232  # 936 jobs, 9.360 load
614  0.070  0.790  0.170  0.733  0.133  0.236  0.823  0.248  # 989 jobs, 9.890 load
615  0.150  0.770  0.166  0.707  0.147  0.227  0.783  0.241  # 965 jobs, 9.650 load
616  0.180  0.640  0.183  0.706  0.190  0.226  0.847  0.241  # 971 jobs, 9.710 load
617  0.160  0.780  0.179  0.763  0.180  0.243  0.810  0.262  # 1036 jobs, 10.360 load
618  0.190  0.660  0.245  0.718  0.213  0.229  0.903  0.250  # 1048 jobs, 10.480 load
619  0.230  0.700  0.190  0.717  0.230  0.228  0.817  0.250  # 1000 jobs, 10.000 load
620  0.210  0.700  0.187  0.729  0.227  0.235  0.893  0.256  # 1007 jobs, 10.070 load
621  0.230  0.660  0.208  0.709  0.240  0.227  0.853  0.250  # 1006 jobs, 10.060 load
622  0.280  0.700  0.174  0.867  0.273  0.276  0.893  0.307  # 1139 jobs, 11.390 load
623  0.230  0.790  0.154  0.789  0.287  0.250  0.633  0.279  # 1045 jobs, 10.450 load
624  0.330  0.770  0.189  0.701  0.370  0.218  0.793  0.284  # 1000 jobs, 10.000 load
625  0.350  0.700  0.195  0.724  0.350  0.223  0.827  0.258  # 1024 jobs, 10.240 load
626  0.340  0.640  0.210  0.700  0.337  0.216  0.863  0.250  # 1008 jobs, 10.080 load
627  0.390  0.660  0.227  0.884  0.407  0.275  0.907  0.320  # 1216 jobs, 12.160 load
628  0.380  0.800  0.242  0.701  0.457  0.218  0.830  0.269  # 1061 jobs, 10.610 load
629  0.460  0.730  0.232  0.764  0.373  0.243  0.840  0.279  # 1115 jobs, 11.150 load
630  0.350  0.650  0.227  0.815  0.437  0.241  0.827  0.296  # 1142 jobs, 11.420 load
631  0.330  0.690  0.203  0.814  0.397  0.260  0.717  0.298  # 1119 jobs, 11.190 load
632  0.420  0.820  0.237  0.738  0.383  0.236  0.830  0.273  # 1099 jobs, 10.990 load
633  0.400  0.600  0.237  0.802  0.423  0.253  0.863  0.293  # 1139 jobs, 11.390 load
634  0.380  0.680  0.246  0.697  0.380  0.220  0.900  0.257  # 1049 jobs, 10.490 load
635  0.350  0.770  0.232  0.770  0.470  0.240  0.870  0.277  # 1114 jobs, 11.140 load
636  0.460  0.750  0.211  0.771  0.400  0.239  0.843  0.278  # 1103 jobs, 11.030 load
637  0.420  0.750  0.221  0.765  0.400  0.239  0.877  0.276  # 1103 jobs, 11.030 load
638  0.350  0.690  0.220  0.796  0.377  0.250  0.867  0.286  # 1120 jobs, 11.200 load
639  0.350  0.670  0.227  0.744  0.337  0.236  0.887  0.270  # 1073 jobs, 10.730 load
640  0.350  0.750  0.221  0.835  0.363  0.265  0.823  0.309  # 1166 jobs, 11.660 load
641  0.460  0.670  0.226  0.681  0.387  0.215  0.813  0.253  # 1020 jobs, 10.200 load
642  0.310  0.750  0.203  0.737  0.397  0.227  0.827  0.266  # 1046 jobs, 10.460 load
643  0.290  0.660  0.218  0.726  0.393  0.222  0.827  0.264  # 1039 jobs, 10.390 load
644  0.380  0.700  0.183  0.836  0.483  0.256  0.877  0.302  # 1127 jobs, 11.270 load
645  0.380  0.700  0.226  0.752  0.477  0.234  0.833  0.277  # 1086 jobs, 10.860 load
646  0.300  0.760  0.217  0.760  0.407  0.232  0.837  0.274  # 1083 jobs, 10.830 load
647  0.380  0.760  0.242  0.832  0.497  0.257  0.873  0.305  # 1188 jobs, 11.880 load
648  0.500  0.760  0.219  0.944  0.500  0.295  0.950  0.347  # 1289 jobs, 12.890 load
649  0.440  0.570  0.237  0.691  0.543  0.214  0.830  0.284  # 1029 jobs, 10.290 load
650  0.520  0.790  0.205  0.709  0.523  0.217  0.770  0.267  # 1045 jobs, 10.450 load
651  0.660  0.730  0.218  0.782  0.597  0.233  0.847  0.294  # 1139 jobs, 11.390 load
652  0.480  0.780  0.205  0.679  0.543  0.195  0.837  0.252  # 1010 jobs, 10.100 load
653  0.500  0.710  0.187  0.856  0.627  0.249  0.887  0.308  # 1164 jobs, 11.640 load
654  0.650  0.350  0.233  0.724  0.573  0.214  0.987  0.270  # 1057 jobs, 10.570 load
655  0.580  0.600  0.221  0.755  0.543  0.242  0.807  0.286  # 1094 jobs, 10.940 load
656  0.770  0.700  0.207  0.660  0.673  0.193  0.803  0.253  # 1014 jobs, 10.140 load
657  0.670  0.770  0.214  0.744  0.560  0.231  0.830  0.283  # 1102 jobs, 11.020 load
658  0.820  0.660  0.198  0.758  0.720  0.217  0.840  0.282  # 1104 jobs, 11.040 load
659  0.620  0.690  0.178  0.688  0.610  0.193  0.813  0.251  # 997 jobs, 9.970 load
660  0.510  0.540  0.186  0.777  0.560  0.222  0.853  0.279  # 1068 jobs, 10.680 load
661  0.660  0.700  0.200  0.844  0.710  0.203  0.880  0.306  # 1180 jobs, 11.800 load
662  0.530  0.730  0.209  0.696  0.557  0.201  0.813  0.254  # 1031 jobs, 10.310 load
663  0.460  0.780  0.157  0.707  0.480  0.208  0.680  0.256  # 988 jobs, 9.880 load
664  0.520  0.810  0.196  0.713  0.517  0.204  0.817  0.257  # 1042 jobs, 10.420 load
665  0.620  0.620  0.215  0.684  0.567  0.196  0.817  0.248  # 1023 jobs, 10.230 load
666  0.390  0.670  0.172  0.612  0.447  0.172  0.807  0.219  # 890 jobs, 8.900 load
667  0.440  0.710  0.175  0.721  0.530  0.201  0.817  0.244  # 1011 jobs, 10.110 load
668  0.440  0.710  0.132  0.665  0.490  0.184  0.677  0.234  # 912 jobs, 9.120 load
669  0.450  0.750  0.168  0.612  0.510  0.170  0.790  0.219  # 900 jobs, 9.000 load
670  0.570  0.740  0.173  0.614  0.540  0.170  0.807  0.220  # 918 jobs, 9.180 load
671  0.420  0.710  0.174  0.589  0.507  0.160  0.807  0.215  # 876 jobs, 8.760 load
672  0.400  0.660  0.174  0.581  0.477  0.163  0.800  0.207  # 861 jobs, 8.610 load
673  0.360  0.670  0.167  0.623  0.440  0.175  0.807  0.220  # 893 jobs, 8.930 load
674  0.350  0.780  0.138  0.598  0.423  0.170  0.797  0.211  # 849 jobs, 8.490 load
675  0.370  0.520  0.145  0.681  0.410  0.200  0.657  0.239  # 915 jobs, 9.150 load
676  0.500  0.640  0.150  0.609  0.540  0.158  0.807  0.221  # 873 jobs, 8.730 load
677  0.460  0.700  0.170  0.613  0.490  0.157  0.793  0.223  # 899 jobs, 8.990 load
678  0.490  0.690  0.179  0.486  0.473  0.133  0.783  0.178  # 783 jobs, 7.830 load
679  0.480  0.680  0.162  0.535  0.430  0.147  0.793  0.197  # 813 jobs, 8.130 load
680  0.560  0.780  0.159  0.473  0.470  0.129  0.747  0.175  # 766 jobs, 7.660 load
681  0.510  0.670  0.133  0.495  0.490  0.135  0.793  0.182  # 746 jobs, 7.460 load
682  0.510  0.640  0.171  0.509  0.450  0.139  0.763  0.173  # 795 jobs, 7.950 load
683  0.600  0.720  0.156  0.439  0.463  0.120  0.757  0.161  # 727 jobs, 7.270 load
684  0.450  0.620  0.161  0.474  0.417  0.131  0.790  0.173  # 742 jobs, 7.420 load
685  0.460  0.670  0.112  0.493  0.463  0.137  0.570  0.180  # 718 jobs, 7.180 load
686  0.450  0.640  0.165  0.461  0.453  0.125  0.800  0.168  # 735 jobs, 7.350 load
687  0.520  0.640  0.138  0.402  0.397  0.109  0.653  0.147  # 656 jobs, 6.560 load
688  0.390  0.590  0.141  0.353  0.343  0.099  0.640  0.130  # 592 jobs, 5.920 load
689  0.340  0.730  0.166  0.301  0.337  0.078  0.797  0.109  # 574 jobs, 5.740 load
690  0.380  0.700  0.189  0.319  0.383  0.084  0.797  0.117  # 616 jobs, 6.160 load
691  0.350  0.510  0.131  0.343  0.360  0.089  0.600  0.125  # 560 jobs, 5.600 load
692  0.360  0.750  0.157  0.335  0.423  0.082  0.760  0.124  # 603 jobs, 6.030 load
693  0.420  0.750  0.132  0.336  0.377  0.089  0.797  0.125  # 585 jobs, 5.850 load
694  0.370  0.610  0.136  0.308  0.317  0.078  0.663  0.114  # 542 jobs, 5.420 load
695  0.270  0.760  0.169  0.275  0.360  0.068  0.797  0.103  # 547 jobs, 5.470 load
696  0.280  0.600  0.150  0.271  0.280  0.069  0.693  0.101  # 509 jobs, 5.090 load
697  0.320  0.770  0.166  0.238  0.310  0.059  0.803  0.090  # 513 jobs, 5.130 load
698  0.260  0.700  0.143  0.234  0.347  0.057  0.687  0.087  # 473 jobs, 4.730 load
699  0.320  0.680  0.174  0.210  0.293  0.051  0.737  0.080  # 484 jobs, 4.840 load
700  0.250  0.650  0.169  0.164  0.253  0.039  0.780  0.063  # 423 jobs, 4.230 load
701  0.230  0.530  0.119  0.187  0.230  0.047  0.563  0.070  # 382 jobs, 3.820 load
702  0.250  0.650  0.147  0.165  0.230  0.040  0.697  0.063  # 402 jobs, 4.020 load
703  0.320  0.750  0.164  0.121  0.263  0.026  0.790  0.048  # 392 jobs, 3.920 load
704  0.250  0.780  0.158  0.120  0.237  0.024  0.777  0.048  # 381 jobs, 3.810 load
705  0.280  0.800  0.143  0.139  0.237  0.025  0.667  0.046  # 390 jobs, 3.900 load
706  0.280  0.550  0.168  0.098  0.233  0.026  0.707  0.042  # 349 jobs, 3.490 load
707  0.300  0.620  0.146  0.084  0.227  0.016  0.687  0.038  # 322 jobs, 3.220 load
708  0.300  0.790  0.144  0.062  0.183  0.017  0.783  0.028  # 315 jobs, 3.150 load
709  0.240  0.620  0.146  0.067  0.197  0.017  0.693  0.024  # 299 jobs, 2.990 load
710  0.250  0.730  0.144  0.038  0.190  0.002  0.817  0.020  # 280 jobs, 2.800 load
711  0.190  0.610  0.119  0.041  0.143  0.006  0.587  0.020  # 240 jobs, 2.400 load
712  0.190  0.550  0.112  0.035  0.133  0.004  0.547  0.018  # 221 jobs, 2.210 load
713  0.160  0.600  0.092  0.030  0.107  0.004  0.473  0.015  # 198 jobs, 1.980 load
714  0.090  0.470  0.085  0.020  0.073  0.002  0.427  0.010  # 161 jobs, 1.610 load
715  0.080  0.440  0.087  0.020  0.067  0.001  0.447  0.009  # 159 jobs, 1.590 load
716  0.090  0.440  0.071  0.013  0.060  0.001  0.383  0.006  # 137 jobs, 1.370 load
717  0.080  0.250  0.066  0.007  0.050  0.000  0.317  0.005  # 106 jobs, 1.060 load
718  0.080  0.160  0.074  0.007  0.047  0.000  0.343  0.005  # 105 jobs, 1.050 load
719  0.050  0.100  0.046  0.006  0.040  0.000  0.190  0.004  # 67 jobs, 0.670 load
720  0.050  0.100  0.024  0.004  0.027  0.000  0.113  0.003  # 43 jobs, 0.430 load
